At1g21110	1	1	1
At5g65300	1	1	1
At5g54490	1	1	1
At3g46620	1	1	1
At1g78410	1	1	1
At1g80820	1	1	1
At2g37430	1	1	1
petD	2	2	2

At2g23320	1	1	1
At2g23270	1	1	1
At2g41640	1	1	1
At4g17500	1	1	1
At1g56660	1	1	1
At1g35210	1	1	1
At1g73540	1	1	1
At4g36500	1	1	1
At5g27420	1	1	1
At5g26920	1	1	1
At5g64870	1	1	1
At5g62520	1	1	1
At5g61600	1	1	1
At5g59820	1	1	1
At5g58680	1	1	1
At5g57560	1	1	1
At5g57220	1	1	1
At5g52750	1	1	1
At5g49520	1	1	1
At5g47910	1	1	1
At5g47230	1	1	1
At5g44350	1	1	1

At5g39670	1	1	1

At5g37770	1	1	1
At5g35735	1	1	1
At5g19240	1	1	1
At5g22250	1	1	1
At5g05300	1	1	1
At3g57530	1	1	1
At3g55980	1	1	1
At3g52400	1	1	1
At3g50930	1	1	1
At3g48650	1	1	1
At3g46600	1	1	1
At4g34410	1	1	1
At4g33050	1	1	1
At4g29780	1	1	1
At4g27652	1	1	1
At4g26400	1	1	1
At4g24570	1	1	1
At4g20830	1	1	1
At4g20860	1	1	1
At4g12720	1	1	1
At4g11280	1	1	1
At4g09570	1	1	1
At4g02200	1	1	1
At4g01250	1	1	1
At1g18570	1	1	1
At1g19180	1	1	1
At1g30135	1	1	1
At1g51660	1	1	1
At1g66090	1	1	1
At3g25600	1	1	1
At3g30720	1	1	1

At3g20590	1	1	1
At3g13310	2	2	2
At3g18690	1	1	1
At3g16720	1	1	1

At3g02840	1	1	1

At3g08720	1	1	1
At3g01290	1	1	1
At1g76650	1	1	1
At1g76600	1	1	1
At1g68840	1	1	1
At1g73800	1	1	1
At1g74440	1	1	1

At1g17380	1	1	1

At1g17420	1	1	1
At1g32920	1	1	1

At1g28370	1	1	1
At1g27770	1	1	1
At1g80840	1	1	1
At1g72900	1	1	1
At1g72940	1	1	1
At1g09070	1	1	1
At1g70090	1	1	1

At1g61340	1	1	1
At1g23710	1	1	1
At2g20145	1	1	1
At2g32140	1	1	1
At2g46330	1	1	1
At2g25735	1	1	1

At2g44840	1	1	1
At2g34600	1	1	1
At2g38470	1	1	1
At2g41100	1	1	1

At2g40000	1	1	1
At2g26190	1	1	1
At2g39650	1	1	1
At5g10695	1	1	0
At3g56880	2	1	0