At5g10695	1	1	0
At3g56880	1	1	0

At1g57630	1	1	0
At5g67080	1	1	0
At5g45340	1	1	0

At3g62720	1	1	0
At3g59080	1	1	0

At3g51450	1	1	0
At3g49530	1	1	0
At4g27654	1	1	0
At2g33580	1	1	0
At1g20310	1	1	0
At1g19210	1	1	0
At1g27100	1	1	0
At3g04640	1	1	0
At1g19020	1	1	0
At1g74450	1	1	0

At1g28480	1	1	0

At2g24600	1	1	0

At2g22500	1	1	0

At1g24140	1	1	0

At2g01180	1	1	0

At2g18690	1	1	0
At2g30020	1	1	0
At5g65300	1	1	1
At5g37770	1	1	1
At3g57530	1	1	1
At3g01290	1	1	1
At1g76650	1	1	1
At1g76600	1	1	1
At1g68840	1	1	1
At1g17420	1	1	1