At5g05980	2	0	2

At2g22880	1	0	1

psbT	2	0	2

At4g17490	1	0	1

At4g37260	1	0	1

At5g26030	1	0	1

At5g59550	1	0	1

At5g57890	1	0	1

At5g52830	2	0	2

At5g47960	1	0	1

At5g47220	1	0	1

At5g42380	1	0	1

At5g06320	1	0	1

At3g56400	1	0	1

At3g55950	1	0	1

At3g50060	1	0	1

At3g45640	1	0	1

At3g44260	1	0	1

At4g35000	2	0	2

At4g31800	1	0	1

At4g23810	1	0	1

At1g25400	1	0	1

At3g28340	1	0	1

At3g28580	1	0	1

At3g02550	1	0	1

At3g11820	1	0	1

At1g20510	1	0	1

At1g72610	2	0	2

At1g74590	1	0	1

At1g72520	1	0	1

At1g14480	1	0	1

At1g72930	1	0	1

At1g05575	1	0	1

At2g15390	1	0	1

At1g61890	1	0	1

At1g55450	1	0	1

At2g03540	1	0	1

At2g32030	1	0	1

At5g10695	1	1	0
At3g56880	1	1	0

At1g61340	1	1	1
At1g23710	1	1	1
At2g20145	1	1	1
At2g32140	1	1	1
At2g46330	1	1	1